function numGet = numGet()
%Store the confirmed case numbers
numGet=[1;1;2;11;22;44;89;106;142;173;216;328;421;613;729;950;1374;2481;4597;7245;10356;15168;20875;25665;30811;37258;44635;52318;59513;68369;75795;83738;92472;102863;113704;122031;130689];
end

